12
12
   0.020000    0.020000    0.020000    0.020000    0.020000    0.020000    0.020000    0.020000    0.020000    0.020000    0.020000    0.020000 
   0.050000    0.025156    0.013438    0.009844    0.009063    0.009063    0.009063    0.009063    0.010625    0.018125    0.043125    0.100000 
   0.050000    0.023750    0.008750    0.003281    0.002500    0.002500    0.002500    0.002500    0.004063    0.015000    0.045625    0.100000 
   0.050000    0.022969    0.006562    0.001094    0.000313    0.000313    0.000313    0.000313    0.001875    0.012812    0.045625    0.100000 
   0.050000    0.022656    0.006250    0.000781    0.000000    0.000000    0.000000    0.000000    0.001563    0.012500    0.045313    0.100000 
   0.050000    0.022656    0.006250    0.000781    0.000000    0.000000    0.000000    0.000000    0.001563    0.012500    0.045313    0.100000 
   0.050000    0.022656    0.006250    0.000781    0.000000    0.000000    0.000000    0.000000    0.001563    0.012500    0.045313    0.100000 
   0.050000    0.022656    0.006250    0.000781    0.000000    0.000000    0.000000    0.000000    0.001563    0.012500    0.045313    0.100000 
   0.050000    0.025781    0.009375    0.003906    0.003125    0.003125    0.003125    0.003125    0.004688    0.015625    0.048438    0.100000 
   0.050000    0.040625    0.031250    0.025781    0.025000    0.025000    0.025000    0.025000    0.026563    0.037500    0.062500    0.100000 
   0.050000    0.089844    0.092188    0.091406    0.090625    0.090625    0.090625    0.090625    0.092188    0.096875    0.107813    0.100000 
   0.200000    0.200000    0.200000    0.200000    0.200000    0.200000    0.200000    0.200000    0.200000    0.200000    0.200000    0.200000 
